siret,date_construction
21060004500012,1936
21060004500012,1952
21060004500012,1961
21060004500012,1938
21060004500012,1952
21060004500012,1939
21060004500012,1936
21060004500012,1935
21060004500012,1938
21060004500012,1938
21060004500012,1949
21060004500012,1937
21060004500012,1937
21060004500012,1970
21060004500012,1960
21060004500012,1962
21060004500012,1961
21060004500012,1956
21060004500012,1961
21060004500012,1933
21060004500012,1927
21060004500012,1938
21060004500012,1937
21060004500012,1935
21060004500012,1938
21060004500012,1941
21060004500012,1951
